t,x,y,v_x,v_y,d
0.00000000e+00,-1.694750000000e+08,-2.878947698745e+07,2.695447858255e+03,0.000000000000e+00,1.719029075095e+08
1.80000000e+02,-1.689897961951e+08,-2.878947304422e+07,2.695705766746e+03,4.387496075711e-02,1.714245778391e+08
3.60000000e+02,-1.685045458389e+08,-2.878946117038e+07,2.695965097579e+03,8.811873317460e-02,1.709462370204e+08
5.40000000e+02,-1.680192486742e+08,-2.878944129915e+07,2.696225862517e+03,1.327354568518e-01,1.704678877719e+08
7.20000000e+02,-1.675339044419e+08,-2.878941336303e+07,2.696488073452e+03,1.777293295498e-01,1.699895301566e+08
9.00000000e+02,-1.670485128806e+08,-2.878937729375e+07,2.696751742406e+03,2.231046081722e-01,1.695111642387e+08
1.08000000e+03,-1.665630737267e+08,-2.878933302227e+07,2.697016881535e+03,2.688656097668e-01,1.690327900841e+08
1.26000000e+03,-1.660775867145e+08,-2.878928047877e+07,2.697283503129e+03,3.150167125449e-01,1.685544077600e+08
1.44000000e+03,-1.655920515761e+08,-2.878921959263e+07,2.697551619614e+03,3.615623569228e-01,1.680760173355e+08
1.62000000e+03,-1.651064680413e+08,-2.878915029243e+07,2.697821243556e+03,4.085070465827e-01,1.675976188808e+08
1.80000000e+03,-1.646208358375e+08,-2.878907250592e+07,2.698092387659e+03,4.558553495553e-01,1.671192124680e+08
1.98000000e+03,-1.641351546900e+08,-2.878898616005e+07,2.698365064771e+03,5.036118993237e-01,1.666407981710e+08
2.16000000e+03,-1.636494243217e+08,-2.878889118091e+07,2.698639287883e+03,5.517813959494e-01,1.661623760649e+08
2.34000000e+03,-1.631636444531e+08,-2.878878749374e+07,2.698915070132e+03,6.003686072214e-01,1.656839462270e+08
2.52000000e+03,-1.626778148024e+08,-2.878867502291e+07,2.699192424806e+03,6.493783698278e-01,1.652055087359e+08
2.70000000e+03,-1.621919350853e+08,-2.878855369193e+07,2.699471365339e+03,6.988155905512e-01,1.647270636723e+08
2.88000000e+03,-1.617060050152e+08,-2.878842342340e+07,2.699751905321e+03,7.486852474888e-01,1.642486111185e+08
3.06000000e+03,-1.612200243029e+08,-2.878828413904e+07,2.700034058494e+03,7.989923912963e-01,1.637701511587e+08
3.24000000e+03,-1.607339926568e+08,-2.878813575963e+07,2.700317838758e+03,8.497421464582e-01,1.632916838789e+08
3.42000000e+03,-1.602479097827e+08,-2.878797820505e+07,2.700603260172e+03,9.009397125833e-01,1.628132093672e+08
3.60000000e+03,-1.597617753841e+08,-2.878781139420e+07,2.700890336956e+03,9.525903657269e-01,1.623347277134e+08
3.78000000e+03,-1.592755891615e+08,-2.878763524506e+07,2.701179083493e+03,1.004699459740e+00,1.618562390094e+08
3.96000000e+03,-1.587893508133e+08,-2.878744967462e+07,2.701469514333e+03,1.057272427647e+00,1.613777433491e+08
4.14000000e+03,-1.583030600347e+08,-2.878725459888e+07,2.701761644193e+03,1.110314783052e+00,1.608992408284e+08
4.32000000e+03,-1.578167165188e+08,-2.878704993285e+07,2.702055487960e+03,1.163832121569e+00,1.604207315453e+08
4.50000000e+03,-1.573303199556e+08,-2.878683559053e+07,2.702351060697e+03,1.217830122295e+00,1.599422156000e+08
4.68000000e+03,-1.568438700326e+08,-2.878661148487e+07,2.702648377640e+03,1.272314549294e+00,1.594636930948e+08
4.86000000e+03,-1.563573664344e+08,-2.878637752781e+07,2.702947454203e+03,1.327291253135e+00,1.589851641343e+08
5.04000000e+03,-1.558708088429e+08,-2.878613363019e+07,2.703248305982e+03,1.382766172440e+00,1.585066288251e+08
5.22000000e+03,-1.553841969371e+08,-2.878587970179e+07,2.703550948756e+03,1.438745335480e+00,1.580280872764e+08
5.40000000e+03,-1.548975303932e+08,-2.878561565130e+07,2.703855398489e+03,1.495234861801e+00,1.575495395997e+08
5.58000000e+03,-1.544108088845e+08,-2.878534138630e+07,2.704161671334e+03,1.552240963876e+00,1.570709859086e+08
5.76000000e+03,-1.539240320815e+08,-2.878505681324e+07,2.704469783637e+03,1.609769948808e+00,1.565924263195e+08
5.94000000e+03,-1.534371996514e+08,-2.878476183742e+07,2.704779751937e+03,1.667828220051e+00,1.561138609510e+08
6.12000000e+03,-1.529503112587e+08,-2.878445636299e+07,2.705091592970e+03,1.726422279185e+00,1.556352899244e+08
6.30000000e+03,-1.524633665648e+08,-2.878414029291e+07,2.705405323671e+03,1.785558727712e+00,1.551567133634e+08
6.48000000e+03,-1.519763652281e+08,-2.878381352896e+07,2.705720961181e+03,1.845244268907e+00,1.546781313946e+08
6.66000000e+03,-1.514893069037e+08,-2.878347597168e+07,2.706038522844e+03,1.905485709696e+00,1.541995441470e+08
6.84000000e+03,-1.510021912437e+08,-2.878312752040e+07,2.706358026214e+03,1.966289962583e+00,1.537209517525e+08
7.02000000e+03,-1.505150178970e+08,-2.878276807317e+07,2.706679489059e+03,2.027664047611e+00,1.532423543457e+08
7.20000000e+03,-1.500277865093e+08,-2.878239752679e+07,2.707002929360e+03,2.089615094372e+00,1.527637520639e+08
7.38000000e+03,-1.495404967230e+08,-2.878201577675e+07,2.707328365317e+03,2.152150344061e+00,1.522851450476e+08
7.56000000e+03,-1.490531481773e+08,-2.878162271723e+07,2.707655815353e+03,2.215277151568e+00,1.518065334401e+08
7.74000000e+03,-1.485657405079e+08,-2.878121824109e+07,2.707985298115e+03,2.279002987620e+00,1.513279173875e+08
7.92000000e+03,-1.480782733472e+08,-2.878080223982e+07,2.708316832480e+03,2.343335440974e+00,1.508492970394e+08
8.10000000e+03,-1.475907463243e+08,-2.878037460354e+07,2.708650437556e+03,2.408282220653e+00,1.503706725481e+08
8.28000000e+03,-1.471031590646e+08,-2.877993522096e+07,2.708986132687e+03,2.473851158231e+00,1.498920440692e+08
8.46000000e+03,-1.466155111903e+08,-2.877948397938e+07,2.709323937456e+03,2.540050210171e+00,1.494134117618e+08
8.64000000e+03,-1.461278023197e+08,-2.877902076466e+07,2.709663871689e+03,2.606887460216e+00,1.489347757880e+08
8.82000000e+03,-1.456400320678e+08,-2.877854546118e+07,2.710005955460e+03,2.674371121830e+00,1.484561363134e+08
9.00000000e+03,-1.451522000459e+08,-2.877805795184e+07,2.710350209090e+03,2.742509540698e+00,1.479774935070e+08
9.18000000e+03,-1.446643058615e+08,-2.877755811802e+07,2.710696653159e+03,2.811311197275e+00,1.474988475415e+08
9.36000000e+03,-1.441763491184e+08,-2.877704583956e+07,2.711045308501e+03,2.880784709403e+00,1.470201985928e+08
9.54000000e+03,-1.436883294168e+08,-2.877652099476e+07,2.711396196215e+03,2.950938834973e+00,1.465415468409e+08
9.72000000e+03,-1.432002463529e+08,-2.877598346028e+07,2.711749337664e+03,3.021782474662e+00,1.460628924692e+08
9.90000000e+03,-1.427120995191e+08,-2.877543311122e+07,2.712104754483e+03,3.093324674723e+00,1.455842356650e+08
1.00800000e+04,-1.422238885038e+08,-2.877486982101e+07,2.712462468583e+03,3.165574629839e+00,1.451055766196e+08
1.02600000e+04,-1.417356128916e+08,-2.877429346140e+07,2.712822502151e+03,3.238541686048e+00,1.446269155280e+08
1.04400000e+04,-1.412472722629e+08,-2.877370390248e+07,2.713184877658e+03,3.312235343726e+00,1.441482525896e+08
1.06200000e+04,-1.407588661941e+08,-2.877310101258e+07,2.713549617866e+03,3.386665260650e+00,1.436695880075e+08
1.08000000e+04,-1.402703942576e+08,-2.877248465829e+07,2.713916745825e+03,3.461841255119e+00,1.431909219893e+08
1.09800000e+04,-1.397818560213e+08,-2.877185470444e+07,2.714286284886e+03,3.537773309158e+00,1.427122547468e+08
1.11600000e+04,-1.392932510493e+08,-2.877121101401e+07,2.714658258698e+03,3.614471571793e+00,1.422335864962e+08
1.13400000e+04,-1.388045789010e+08,-2.877055344816e+07,2.715032691219e+03,3.691946362395e+00,1.417549174580e+08
1.15200000e+04,-1.383158391318e+08,-2.876988186617e+07,2.715409606719e+03,3.770208174117e+00,1.412762478576e+08
1.17000000e+04,-1.378270312925e+08,-2.876919612543e+07,2.715789029782e+03,3.849267677395e+00,1.407975779247e+08
1.18800000e+04,-1.373381549296e+08,-2.876849608138e+07,2.716170985317e+03,3.929135723546e+00,1.403189078939e+08
1.20600000e+04,-1.368492095848e+08,-2.876778158748e+07,2.716555498556e+03,4.009823348440e+00,1.398402380046e+08
1.22400000e+04,-1.363601947955e+08,-2.876705249520e+07,2.716942595066e+03,4.091341776265e+00,1.393615685012e+08
1.24200000e+04,-1.358711100944e+08,-2.876630865399e+07,2.717332300750e+03,4.173702423379e+00,1.388828996331e+08
1.26000000e+04,-1.353819550095e+08,-2.876554991119e+07,2.717724641854e+03,4.256916902254e+00,1.384042316549e+08
1.27800000e+04,-1.348927290640e+08,-2.876477611205e+07,2.718119644974e+03,4.340997025516e+00,1.379255648263e+08
1.29600000e+04,-1.344034317763e+08,-2.876398709968e+07,2.718517337058e+03,4.425954810077e+00,1.374468994126e+08
1.31400000e+04,-1.339140626601e+08,-2.876318271501e+07,2.718917745416e+03,4.511802481374e+00,1.369682356843e+08
1.33200000e+04,-1.334246212237e+08,-2.876236279673e+07,2.719320897722e+03,4.598552477705e+00,1.364895739178e+08
1.35000000e+04,-1.329351069710e+08,-2.876152718131e+07,2.719726822024e+03,4.686217454669e+00,1.360109143949e+08
1.36800000e+04,-1.324455194002e+08,-2.876067570287e+07,2.720135546747e+03,4.774810289716e+00,1.355322574035e+08
1.38600000e+04,-1.319558580048e+08,-2.875980819323e+07,2.720547100701e+03,4.864344086811e+00,1.350536032372e+08
1.40400000e+04,-1.314661222729e+08,-2.875892448183e+07,2.720961513087e+03,4.954832181207e+00,1.345749521959e+08
1.42200000e+04,-1.309763116872e+08,-2.875802439567e+07,2.721378813503e+03,5.046288144335e+00,1.340963045855e+08
1.44000000e+04,-1.304864257253e+08,-2.875710775929e+07,2.721799031950e+03,5.138725788820e+00,1.336176607184e+08
1.45800000e+04,-1.299964638592e+08,-2.875617439473e+07,2.722222198843e+03,5.232159173613e+00,1.331390209134e+08
1.47600000e+04,-1.295064255554e+08,-2.875522412148e+07,2.722648345010e+03,5.326602609259e+00,1.326603854959e+08
1.49400000e+04,-1.290163102748e+08,-2.875425675641e+07,2.723077501709e+03,5.422070663286e+00,1.321817547981e+08
1.51200000e+04,-1.285261174727e+08,-2.875327211377e+07,2.723509700626e+03,5.518578165740e+00,1.317031291589e+08
1.53000000e+04,-1.280358465986e+08,-2.875227000510e+07,2.723944973889e+03,5.616140214846e+00,1.312245089246e+08
1.54800000e+04,-1.275454970961e+08,-2.875125023919e+07,2.724383354070e+03,5.714772182821e+00,1.307458944484e+08
1.56600000e+04,-1.270550684031e+08,-2.875021262208e+07,2.724824874198e+03,5.814489721830e+00,1.302672860909e+08
1.58400000e+04,-1.265645599514e+08,-2.874915695691e+07,2.725269567764e+03,5.915308770090e+00,1.297886842202e+08
1.60200000e+04,-1.260739711668e+08,-2.874808304396e+07,2.725717468727e+03,6.017245558135e+00,1.293100892123e+08
1.62000000e+04,-1.255833014686e+08,-2.874699068055e+07,2.726168611527e+03,6.120316615232e+00,1.288315014506e+08
1.63800000e+04,-1.250925502704e+08,-2.874587966101e+07,2.726623031089e+03,6.224538775971e+00,1.283529213270e+08
1.65600000e+04,-1.246017169792e+08,-2.874474977660e+07,2.727080762833e+03,6.329929187015e+00,1.278743492411e+08
1.67400000e+04,-1.241108009954e+08,-2.874360081547e+07,2.727541842684e+03,6.436505314027e+00,1.273957856013e+08
1.69200000e+04,-1.236198017132e+08,-2.874243256259e+07,2.728006307077e+03,6.544284948781e+00,1.269172308242e+08
1.71000000e+04,-1.231287185200e+08,-2.874124479970e+07,2.728474192970e+03,6.653286216444e+00,1.264386853353e+08
1.72800000e+04,-1.226375507967e+08,-2.874003730525e+07,2.728945537852e+03,6.763527583062e+00,1.259601495690e+08
1.74600000e+04,-1.221462979171e+08,-2.873880985435e+07,2.729420379750e+03,6.875027863233e+00,1.254816239688e+08
1.76400000e+04,-1.216549592483e+08,-2.873756221865e+07,2.729898757242e+03,6.987806227981e+00,1.250031089877e+08
1.78200000e+04,-1.211635341504e+08,-2.873629416636e+07,2.730380709463e+03,7.101882212838e+00,1.245246050879e+08
1.80000000e+04,-1.206720219765e+08,-2.873500546212e+07,2.730866276119e+03,7.217275726142e+00,1.240461127416e+08
1.81800000e+04,-1.201804220723e+08,-2.873369586695e+07,2.731355497495e+03,7.334007057548e+00,1.235676324309e+08
1.83600000e+04,-1.196887337762e+08,-2.873236513819e+07,2.731848414464e+03,7.452096886771e+00,1.230891646480e+08
1.85400000e+04,-1.191969564193e+08,-2.873101302941e+07,2.732345068500e+03,7.571566292558e+00,1.226107098957e+08
1.87200000e+04,-1.187050893253e+08,-2.872963929038e+07,2.732845501687e+03,7.692436761901e+00,1.221322686874e+08
1.89000000e+04,-1.182131318099e+08,-2.872824366692e+07,2.733349756732e+03,7.814730199497e+00,1.216538415471e+08
1.90800000e+04,-1.177210831814e+08,-2.872682590091e+07,2.733857876973e+03,7.938468937466e+00,1.211754290105e+08
1.92600000e+04,-1.172289427402e+08,-2.872538573015e+07,2.734369906394e+03,8.063675745321e+00,1.206970316241e+08
1.94400000e+04,-1.167367097784e+08,-2.872392288829e+07,2.734885889635e+03,8.190373840225e+00,1.202186499466e+08
1.96200000e+04,-1.162443835805e+08,-2.872243710480e+07,2.735405872003e+03,8.318586897508e+00,1.197402845481e+08
1.98000000e+04,-1.157519634223e+08,-2.872092810479e+07,2.735929899487e+03,8.448339061488e+00,1.192619360114e+08
1.99800000e+04,-1.152594485717e+08,-2.871939560904e+07,2.736458018766e+03,8.579654956579e+00,1.187836049314e+08
2.01600000e+04,-1.147668382877e+08,-2.871783933381e+07,2.736990277227e+03,8.712559698704e+00,1.183052919159e+08
2.03400000e+04,-1.142741318212e+08,-2.871625899082e+07,2.737526722975e+03,8.847078907030e+00,1.178269975857e+08
2.05200000e+04,-1.137813284138e+08,-2.871465428711e+07,2.738067404845e+03,8.983238716020e+00,1.173487225752e+08
2.07000000e+04,-1.132884272988e+08,-2.871302492498e+07,2.738612372418e+03,9.121065787828e+00,1.168704675323e+08
2.08800000e+04,-1.127954277002e+08,-2.871137060189e+07,2.739161676036e+03,9.260587325032e+00,1.163922331187e+08
2.10600000e+04,-1.123023288328e+08,-2.870969101035e+07,2.739715366811e+03,9.401831083727e+00,1.159140200108e+08
2.12400000e+04,-1.118091299023e+08,-2.870798583781e+07,2.740273496646e+03,9.544825386991e+00,1.154358288994e+08
2.14200000e+04,-1.113158301050e+08,-2.870625476659e+07,2.740836118243e+03,9.689599138722e+00,1.149576604905e+08
2.16000000e+04,-1.108224286276e+08,-2.870449747373e+07,2.741403285124e+03,9.836181837872e+00,1.144795155053e+08
2.17800000e+04,-1.103289246470e+08,-2.870271363093e+07,2.741975051644e+03,9.984603593085e+00,1.140013946807e+08
2.19600000e+04,-1.098353173303e+08,-2.870090290440e+07,2.742551473004e+03,1.013489513775e+01,1.135232987700e+08
2.21400000e+04,-1.093416058346e+08,-2.869906495477e+07,2.743132605272e+03,1.028708784550e+01,1.130452285426e+08
2.23200000e+04,-1.088477893069e+08,-2.869719943694e+07,2.743718505398e+03,1.044121374611e+01,1.125671847850e+08
2.25000000e+04,-1.083538668837e+08,-2.869530600002e+07,2.744309231226e+03,1.059730554193e+01,1.120891683010e+08
2.26800000e+04,-1.078598376912e+08,-2.869338428715e+07,2.744904841519e+03,1.075539662472e+01,1.116111799121e+08
2.28600000e+04,-1.073657008447e+08,-2.869143393540e+07,2.745505395972e+03,1.091552109303e+01,1.111332204578e+08
2.30400000e+04,-1.068714554490e+08,-2.868945457563e+07,2.746110955228e+03,1.107771377002e+01,1.106552907963e+08
2.32200000e+04,-1.063771005975e+08,-2.868744583238e+07,2.746721580902e+03,1.124201022190e+01,1.101773918049e+08
2.34000000e+04,-1.058826353727e+08,-2.868540732371e+07,2.747337335594e+03,1.140844677682e+01,1.096995243802e+08
2.35800000e+04,-1.053880588457e+08,-2.868333866107e+07,2.747958282912e+03,1.157706054433e+01,1.092216894389e+08
2.37600000e+04,-1.048933700760e+08,-2.868123944918e+07,2.748584487490e+03,1.174788943552e+01,1.087438879181e+08
2.39400000e+04,-1.043985681115e+08,-2.867910928582e+07,2.749216015008e+03,1.192097218359e+01,1.082661207759e+08
2.41200000e+04,-1.039036519879e+08,-2.867694776176e+07,2.749852932214e+03,1.209634836518e+01,1.077883889920e+08
2.43000000e+04,-1.034086207291e+08,-2.867475446055e+07,2.750495306941e+03,1.227405842225e+01,1.073106935679e+08
2.44800000e+04,-1.029134733465e+08,-2.867252895840e+07,2.751143208132e+03,1.245414368465e+01,1.068330355278e+08
2.46600000e+04,-1.024182088390e+08,-2.867027082396e+07,2.751796705862e+03,1.263664639341e+01,1.063554159190e+08
2.48400000e+04,-1.019228261929e+08,-2.866797961824e+07,2.752455871358e+03,1.282160972463e+01,1.058778358126e+08
2.50200000e+04,-1.014273243816e+08,-2.866565489436e+07,2.753120777021e+03,1.300907781422e+01,1.054002963039e+08
2.52000000e+04,-1.009317023651e+08,-2.866329619743e+07,2.753791496454e+03,1.319909578329e+01,1.049227985133e+08
2.53800000e+04,-1.004359590902e+08,-2.866090306432e+07,2.754468104482e+03,1.339170976442e+01,1.044453435865e+08
2.55600000e+04,-9.994009349025e+07,-2.865847502352e+07,2.755150677176e+03,1.358696692864e+01,1.039679326956e+08
2.57400000e+04,-9.944410448460e+07,-2.865601159493e+07,2.755839291882e+03,1.378491551328e+01,1.034905670395e+08
2.59200000e+04,-9.894799097863e+07,-2.865351228969e+07,2.756534027240e+03,1.398560485075e+01,1.030132478449e+08
2.61000000e+04,-9.845175186346e+07,-2.865097660992e+07,2.757234963218e+03,1.418908539808e+01,1.025359763664e+08
2.62800000e+04,-9.795538601566e+07,-2.864840404858e+07,2.757942181130e+03,1.439540876753e+01,1.020587538879e+08
2.64600000e+04,-9.745889229708e+07,-2.864579408924e+07,2.758655763673e+03,1.460462775804e+01,1.015815817229e+08
2.66400000e+04,-9.696226955454e+07,-2.864314620583e+07,2.759375794944e+03,1.481679638774e+01,1.011044612156e+08
2.68200000e+04,-9.646551661958e+07,-2.864045986246e+07,2.760102360479e+03,1.503196992748e+01,1.006273937414e+08
2.70000000e+04,-9.596863230822e+07,-2.863773451318e+07,2.760835547273e+03,1.525020493539e+01,1.001503807079e+08
2.71800000e+04,-9.547161542071e+07,-2.863496960174e+07,2.761575443817e+03,1.547155929257e+01,9.967342355575e+07
2.73600000e+04,-9.497446474121e+07,-2.863216456135e+07,2.762322140125e+03,1.569609223994e+01,9.919652375938e+07
2.75400000e+04,-9.447717903754e+07,-2.862931881441e+07,2.763075727765e+03,1.592386441619e+01,9.871968282807e+07
2.77200000e+04,-9.397975706090e+07,-2.862643177231e+07,2.763836299890e+03,1.615493789710e+01,9.824290230676e+07
2.79000000e+04,-9.348219754559e+07,-2.862350283512e+07,2.764603951276e+03,1.638937623597e+01,9.776618377704e+07
2.80800000e+04,-9.298449920868e+07,-2.862053139131e+07,2.765378778349e+03,1.662724450548e+01,9.728952885813e+07
2.82600000e+04,-9.248666074974e+07,-2.861751681754e+07,2.766160879220e+03,1.686860934085e+01,9.681293920789e+07
2.84400000e+04,-9.198868085053e+07,-2.861445847831e+07,2.766950353725e+03,1.711353898446e+01,9.633641652388e+07
2.86200000e+04,-9.149055817468e+07,-2.861135572568e+07,2.767747303455e+03,1.736210333192e+01,9.585996254441e+07
2.88000000e+04,-9.099229136738e+07,-2.860820789898e+07,2.768551831795e+03,1.761437397963e+01,9.538357904964e+07
2.89800000e+04,-9.049387905502e+07,-2.860501432452e+07,2.769364043961e+03,1.787042427397e+01,9.490726786276e+07
2.91600000e+04,-8.999531984492e+07,-2.860177431522e+07,2.770184047036e+03,1.813032936210e+01,9.443103085116e+07
2.93400000e+04,-8.949661232492e+07,-2.859848717031e+07,2.771011950014e+03,1.839416624444e+01,9.395486992760e+07
2.95200000e+04,-8.899775506310e+07,-2.859515217500e+07,2.771847863834e+03,1.866201382895e+01,9.347878705153e+07
2.97000000e+04,-8.849874660736e+07,-2.859176860011e+07,2.772691901426e+03,1.893395298720e+01,9.300278423036e+07
2.98800000e+04,-8.799958548511e+07,-2.858833570173e+07,2.773544177749e+03,1.921006661238e+01,9.252686352075e+07
3.00600000e+04,-8.750027020289e+07,-2.858485272085e+07,2.774404809833e+03,1.949043967921e+01,9.205102703005e+07
3.02400000e+04,-8.700079924595e+07,-2.858131888294e+07,2.775273916829e+03,1.977515930598e+01,9.157527691771e+07
3.04200000e+04,-8.650117107793e+07,-2.857773339763e+07,2.776151620044e+03,2.006431481862e+01,9.109961539670e+07
3.06000000e+04,-8.600138414043e+07,-2.857409545825e+07,2.777038042995e+03,2.035799781708e+01,9.062404473510e+07
3.07800000e+04,-8.550143685262e+07,-2.857040424144e+07,2.777933311450e+03,2.065630224387e+01,9.014856725759e+07
3.09600000e+04,-8.500132761080e+07,-2.856665890669e+07,2.778837553478e+03,2.095932445510e+01,8.967318534711e+07
3.11400000e+04,-8.450105478804e+07,-2.856285859594e+07,2.779750899498e+03,2.126716329388e+01,8.919790144651e+07
3.13200000e+04,-8.400061673370e+07,-2.855900243313e+07,2.780673482327e+03,2.157992016639e+01,8.872271806029e+07
3.15000000e+04,-8.350001177301e+07,-2.855508952368e+07,2.781605437231e+03,2.189769912050e+01,8.824763775636e+07
3.16800000e+04,-8.299923820665e+07,-2.855111895404e+07,2.782546901981e+03,2.222060692725e+01,8.777266316786e+07
3.18600000e+04,-8.249829431024e+07,-2.854708979121e+07,2.783498016898e+03,2.254875316518e+01,8.729779699512e+07
3.20400000e+04,-8.199717833394e+07,-2.854300108219e+07,2.784458924915e+03,2.288225030763e+01,8.682304200756e+07
3.22200000e+04,-8.149588850192e+07,-2.853885185346e+07,2.785429771628e+03,2.322121381315e+01,8.634840104576e+07
3.24000000e+04,-8.099442301191e+07,-2.853464111047e+07,2.786410705354e+03,2.356576221916e+01,8.587387702351e+07
3.25800000e+04,-8.049278003470e+07,-2.853036783702e+07,2.787401877187e+03,2.391601723901e+01,8.539947293003e+07
3.27600000e+04,-7.999095771361e+07,-2.852603099473e+07,2.788403441060e+03,2.427210386242e+01,8.492519183217e+07
3.29400000e+04,-7.948895416400e+07,-2.852162952240e+07,2.789415553801e+03,2.463415045966e+01,8.445103687676e+07
3.31200000e+04,-7.898676747274e+07,-2.851716233542e+07,2.790438375200e+03,2.500228888949e+01,8.397701129297e+07
3.33000000e+04,-7.848439569767e+07,-2.851262832514e+07,2.791472068066e+03,2.537665461098e+01,8.350311839481e+07
3.34800000e+04,-7.798183686704e+07,-2.850802635816e+07,2.792516798293e+03,2.575738679950e+01,8.302936158369e+07
3.36600000e+04,-7.747908897896e+07,-2.850335527572e+07,2.793572734928e+03,2.614462846694e+01,8.255574435108e+07
3.38400000e+04,-7.697615000082e+07,-2.849861389293e+07,2.794640050232e+03,2.653852658629e+01,8.208227028123e+07
3.40200000e+04,-7.647301786870e+07,-2.849380099810e+07,2.795718919753e+03,2.693923222100e+01,8.160894305403e+07
3.42000000e+04,-7.596969048681e+07,-2.848891535197e+07,2.796809522391e+03,2.734690065894e+01,8.113576644796e+07
3.43800000e+04,-7.546616572682e+07,-2.848395568694e+07,2.797912040473e+03,2.776169155155e+01,8.066274434310e+07
3.45600000e+04,-7.496244142728e+07,-2.847892070624e+07,2.799026659819e+03,2.818376905804e+01,8.018988072432e+07
3.47400000e+04,-7.445851539297e+07,-2.847380908318e+07,2.800153569820e+03,2.861330199516e+01,7.971717968450e+07
3.49200000e+04,-7.395438539427e+07,-2.846861946023e+07,2.801292963510e+03,2.905046399244e+01,7.924464542797e+07
3.51000000e+04,-7.345004916644e+07,-2.846335044814e+07,2.802445037642e+03,2.949543365353e+01,7.877228227393e+07
3.52800000e+04,-7.294550440902e+07,-2.845800062509e+07,2.803609992765e+03,2.994839472344e+01,7.830009466016e+07
3.54600000e+04,-7.244074878510e+07,-2.845256853568e+07,2.804788033302e+03,3.040953626235e+01,7.782808714671e+07
3.56400000e+04,-7.193577992060e+07,-2.844705269001e+07,2.805979367630e+03,3.087905282594e+01,7.735626441983e+07
3.58200000e+04,-7.143059540359e+07,-2.844145156263e+07,2.807184208161e+03,3.135714465277e+01,7.688463129600e+07
3.60000000e+04,-7.092519278352e+07,-2.843576359154e+07,2.808402771424e+03,3.184401785873e+01,7.641319272611e+07
3.61800000e+04,-7.041956957050e+07,-2.842998717709e+07,2.809635278147e+03,3.233988463920e+01,7.594195379979e+07
3.63600000e+04,-6.991372323453e+07,-2.842412068086e+07,2.810881953343e+03,3.284496347890e+01,7.547091974993e+07
3.65400000e+04,-6.940765120469e+07,-2.841816242454e+07,2.812143026392e+03,3.335947936999e+01,7.500009595730e+07
3.67200000e+04,-6.890135086840e+07,-2.841211068870e+07,2.813418731134e+03,3.388366403873e+01,7.452948795544e+07
3.69000000e+04,-6.839481957057e+07,-2.840596371158e+07,2.814709305950e+03,3.441775618093e+01,7.405910143563e+07
3.70800000e+04,-6.788805461278e+07,-2.839971968782e+07,2.816014993855e+03,3.496200170680e+01,7.358894225214e+07
3.72600000e+04,-6.738105325246e+07,-2.839337676712e+07,2.817336042583e+03,3.551665399534e+01,7.311901642758e+07
3.74400000e+04,-6.687381270200e+07,-2.838693305289e+07,2.818672704682e+03,3.608197415890e+01,7.264933015858e+07
3.76200000e+04,-6.636633012788e+07,-2.838038660080e+07,2.820025237602e+03,3.665823131824e+01,7.217988982150e+07
3.78000000e+04,-6.585860264983e+07,-2.837373541735e+07,2.821393903785e+03,3.724570288851e+01,7.171070197859e+07
3.79800000e+04,-6.535062733986e+07,-2.836697745834e+07,2.822778970762e+03,3.784467487671e+01,7.124177338418e+07
3.81600000e+04,-6.484240122135e+07,-2.836011062730e+07,2.824180711238e+03,3.845544219107e+01,7.077311099124e+07
3.83400000e+04,-6.433392126815e+07,-2.835313277382e+07,2.825599403191e+03,3.907830896289e+01,7.030472195810e+07
3.85200000e+04,-6.382518440355e+07,-2.834604169193e+07,2.827035329960e+03,3.971358888133e+01,6.983661365553e+07
3.87000000e+04,-6.331618749940e+07,-2.833883511828e+07,2.828488780340e+03,4.036160554175e+01,6.936879367400e+07
3.88800000e+04,-6.280692737503e+07,-2.833151073037e+07,2.829960048671e+03,4.102269280824e+01,6.890126983129e+07
3.90600000e+04,-6.229740079629e+07,-2.832406614466e+07,2.831449434931e+03,4.169719519075e+01,6.843405018035e+07
3.92400000e+04,-6.178760447454e+07,-2.831649891457e+07,2.832957244828e+03,4.238546823779e+01,6.796714301753e+07
3.94200000e+04,-6.127753506558e+07,-2.830880652855e+07,2.834483789884e+03,4.308787894499e+01,6.750055689106e+07
3.96000000e+04,-6.076718916858e+07,-2.830098640789e+07,2.836029387527e+03,4.380480618047e+01,6.703430060994e+07
3.97800000e+04,-6.025656332507e+07,-2.829303590461e+07,2.837594361179e+03,4.453664112772e+01,6.656838325313e+07
3.99600000e+04,-5.974565401781e+07,-2.828495229915e+07,2.839179040331e+03,4.528378774657e+01,6.610281417913e+07
4.01400000e+04,-5.923445766969e+07,-2.827673279807e+07,2.840783760636e+03,4.604666325326e+01,6.563760303595e+07
4.03200000e+04,-5.872297064263e+07,-2.826837453159e+07,2.842408863977e+03,4.682569862022e+01,6.517275977147e+07
4.05000000e+04,-5.821118923643e+07,-2.825987455108e+07,2.844054698551e+03,4.762133909664e+01,6.470829464424e+07
4.06800000e+04,-5.769910968767e+07,-2.825122982644e+07,2.845721618932e+03,4.843404475041e+01,6.424421823467e+07
4.08600000e+04,-5.718672816850e+07,-2.824243724338e+07,2.847409986143e+03,4.926429103271e+01,6.378054145674e+07
4.10400000e+04,-5.667404078551e+07,-2.823349360062e+07,2.849120167715e+03,5.011256936583e+01,6.331727557015e+07
4.12200000e+04,-5.616104357855e+07,-2.822439560690e+07,2.850852537743e+03,5.097938775556e+01,6.285443219295e+07
4.14000000e+04,-5.564773251953e+07,-2.821513987802e+07,2.852607476935e+03,5.186527142893e+01,6.239202331477e+07
4.15800000e+04,-5.513410351124e+07,-2.820572293362e+07,2.854385372654e+03,5.277076349844e+01,6.193006131049e+07
4.17600000e+04,-5.462015238614e+07,-2.819614119391e+07,2.856186618952e+03,5.369642565401e+01,6.146855895457e+07
4.19400000e+04,-5.410587490516e+07,-2.818639097629e+07,2.858011616591e+03,5.464283888354e+01,6.100752943590e+07
4.21200000e+04,-5.359126675649e+07,-2.817646849178e+07,2.859860773060e+03,5.561060422353e+01,6.054698637335e+07
4.23000000e+04,-5.307632355435e+07,-2.816636984136e+07,2.861734502578e+03,5.660034354081e+01,6.008694383188e+07
4.24800000e+04,-5.256104083782e+07,-2.815609101211e+07,2.863633226080e+03,5.761270034673e+01,5.962741633940e+07
4.26600000e+04,-5.204541406959e+07,-2.814562787329e+07,2.865557371199e+03,5.864834064501e+01,5.916841890432e+07
4.28400000e+04,-5.152943863479e+07,-2.813497617220e+07,2.867507372219e+03,5.970795381475e+01,5.870996703379e+07
4.30200000e+04,-5.101310983976e+07,-2.812413152985e+07,2.869483670027e+03,6.079225352981e+01,5.825207675280e+07
4.32000000e+04,-5.049642291093e+07,-2.811308943655e+07,2.871486712032e+03,6.190197871605e+01,5.779476462403e+07
4.33800000e+04,-4.997937299358e+07,-2.810184524725e+07,2.873516952070e+03,6.303789454786e+01,5.733804776854e+07
4.35600000e+04,-4.946195515075e+07,-2.809039417673e+07,2.875574850289e+03,6.420079348546e+01,5.688194388740e+07
4.37400000e+04,-4.894416436209e+07,-2.807873129460e+07,2.877660873003e+03,6.539149635440e+01,5.642647128413e+07
4.39200000e+04,-4.842599552277e+07,-2.806685152006e+07,2.879775492525e+03,6.661085346890e+01,5.597164888827e+07
4.41000000e+04,-4.790744344243e+07,-2.805474961653e+07,2.881919186964e+03,6.785974580037e+01,5.551749627977e+07
4.42800000e+04,-4.738850284412e+07,-2.804242018601e+07,2.884092439995e+03,6.913908619293e+01,5.506403371457e+07
4.44600000e+04,-4.686916836337e+07,-2.802985766322e+07,2.886295740590e+03,7.044982062713e+01,5.461128215122e+07
4.46400000e+04,-4.634943454724e+07,-2.801705630952e+07,2.888529582716e+03,7.179292953373e+01,5.415926327865e+07
4.48200000e+04,-4.582929585344e+07,-2.800401020658e+07,2.890794464981e+03,7.316942915888e+01,5.370799954511e+07
4.50000000e+04,-4.530874664956e+07,-2.799071324984e+07,2.893090890242e+03,7.458037298226e+01,5.325751418841e+07
4.51800000e+04,-4.478778121230e+07,-2.797715914164e+07,2.895419365163e+03,7.602685318954e+01,5.280783126743e+07
4.53600000e+04,-4.426639372687e+07,-2.796334138411e+07,2.897780399712e+03,7.751000220080e+01,5.235897569501e+07
4.55400000e+04,-4.374457828644e+07,-2.794925327185e+07,2.900174506605e+03,7.903099425598e+01,5.191097327217e+07
4.57200000e+04,-4.322232889168e+07,-2.793488788417e+07,2.902602200682e+03,8.059104705870e+01,5.146385072396e+07
4.59000000e+04,-4.269963945043e+07,-2.792023807717e+07,2.905063998218e+03,8.219142347962e+01,5.101763573670e+07
4.60800000e+04,-4.217650377757e+07,-2.790529647543e+07,2.907560416148e+03,8.383343332024e+01,5.057235699689e+07
4.62600000e+04,-4.165291559490e+07,-2.789005546342e+07,2.910091971222e+03,8.551843513803e+01,5.012804423181e+07
4.64400000e+04,-4.112886853131e+07,-2.787450717652e+07,2.912659179059e+03,8.724783813334e+01,4.968472825177e+07
4.66200000e+04,-4.060435612305e+07,-2.785864349177e+07,2.915262553116e+03,8.902310409865e+01,4.924244099427e+07
4.68000000e+04,-4.007937181422e+07,-2.784245601820e+07,2.917902603538e+03,9.084574943005e+01,4.880121556992e+07
4.69800000e+04,-3.955390895751e+07,-2.782593608680e+07,2.920579835910e+03,9.271734720084e+01,4.836108631044e+07
4.71600000e+04,-3.902796081508e+07,-2.780907474016e+07,2.923294749873e+03,9.463952929635e+01,4.792208881854e+07
4.73400000e+04,-3.850152055984e+07,-2.779186272169e+07,2.926047837616e+03,9.661398860926e+01,4.748426001999e+07
4.75200000e+04,-3.797458127688e+07,-2.777429046439e+07,2.928839582221e+03,9.864248129331e+01,4.704763821785e+07
4.77000000e+04,-3.744713596529e+07,-2.775634807931e+07,2.931670455853e+03,1.007268290736e+02,4.661226314887e+07
4.78800000e+04,-3.691917754030e+07,-2.773802534350e+07,2.934540917788e+03,1.028689216103e+02,4.617817604233e+07
4.80600000e+04,-3.639069883579e+07,-2.771931168756e+07,2.937451412255e+03,1.050707189122e+02,4.574541968117e+07
4.82400000e+04,-3.586169260721e+07,-2.770019618282e+07,2.940402366091e+03,1.073342537953e+02,4.531403846561e+07
4.84200000e+04,-3.533215153494e+07,-2.768066752791e+07,2.943394186185e+03,1.096616343815e+02,4.488407847937e+07
4.86000000e+04,-3.480206822812e+07,-2.766071403506e+07,2.946427256698e+03,1.120550466293e+02,4.445558755845e+07
4.87800000e+04,-3.427143522900e+07,-2.764032361583e+07,2.949501936047e+03,1.145167568906e+02,4.402861536253e+07
4.89600000e+04,-3.374024501788e+07,-2.761948376641e+07,2.952618553628e+03,1.170491144819e+02,4.360321344923e+07
4.91399999e+04,-3.320849001865e+07,-2.759818155243e+07,2.955777406267e+03,1.196545542607e+02,4.317943535108e+07
4.93199999e+04,-3.267616260500e+07,-2.757640359339e+07,2.958978754379e+03,1.223355991925e+02,4.275733665533e+07
4.94999999e+04,-3.214325510729e+07,-2.755413604650e+07,2.962222817805e+03,1.250948628954e+02,4.233697508663e+07
4.96799999e+04,-3.160975982035e+07,-2.753136459020e+07,2.965509771322e+03,1.279350521441e+02,4.191841059274e+07
4.98599999e+04,-3.107566901192e+07,-2.750807440713e+07,2.968839739792e+03,1.308589693126e+02,4.150170543295e+07
5.00399999e+04,-3.054097493217e+07,-2.748425016672e+07,2.972212792932e+03,1.338695147365e+02,4.108692426967e+07
5.02199999e+04,-3.000566982411e+07,-2.745987600736e+07,2.975628939686e+03,1.369696889652e+02,4.067413426278e+07
5.03999999e+04,-2.946974593503e+07,-2.743493551815e+07,2.979088122162e+03,1.401625948790e+02,4.026340516694e+07
5.05799999e+04,-2.893319552918e+07,-2.740941172033e+07,2.982590209126e+03,1.434514396357e+02,3.985480943173e+07
5.07599999e+04,-2.839601090152e+07,-2.738328704831e+07,2.986134989021e+03,1.468395364128e+02,3.944842230457e+07
5.09399999e+04,-2.785818439289e+07,-2.735654333051e+07,2.989722162483e+03,1.503303059014e+02,3.904432193628e+07
5.11199999e+04,-2.731970840652e+07,-2.732916176982e+07,2.993351334339e+03,1.539272775089e+02,3.864258948915e+07
5.12999999e+04,-2.678057542602e+07,-2.730112292401e+07,2.997022005057e+03,1.576340902176e+02,3.824330924740e+07
5.14799999e+04,-2.624077803499e+07,-2.727240668592e+07,3.000733561628e+03,1.614544930433e+02,3.784656872973e+07
5.16599999e+04,-2.570030893832e+07,-2.724299226367e+07,3.004485267862e+03,1.653923450316e+02,3.745245880376e+07
5.18399999e+04,-2.515916098525e+07,-2.721285816086e+07,3.008276254078e+03,1.694516147227e+02,3.706107380202e+07
5.20199999e+04,-2.461732719440e+07,-2.718198215703e+07,3.012105506168e+03,1.736363790086e+02,3.667251163911e+07
5.21999999e+04,-2.407480078079e+07,-2.715034128820e+07,3.015971854039e+03,1.779508213005e+02,3.628687392958e+07
5.23799999e+04,-2.353157518502e+07,-2.711791182802e+07,3.019873959402e+03,1.823992289153e+02,3.590426610610e+07
5.25599999e+04,-2.298764410465e+07,-2.708466926931e+07,3.023810302934e+03,1.869859895836e+02,3.552479753721e+07
5.27399999e+04,-2.244300152804e+07,-2.705058830641e+07,3.027779170797e+03,1.917155869725e+02,3.514858164403e+07
5.29199999e+04,-2.189764177058e+07,-2.701564281833e+07,3.031778640539e+03,1.965925951101e+02,3.477573601522e+07
5.30999999e+04,-2.135155951361e+07,-2.697980585317e+07,3.035806566398e+03,2.016216715884e+02,3.440638251918e+07
5.32799999e+04,-2.080474984591e+07,-2.694304961372e+07,3.039860564044e+03,2.068075494160e+02,3.404064741260e+07
5.34599999e+04,-2.025720830809e+07,-2.690534544475e+07,3.043937994807e+03,2.121550273826e+02,3.367866144428e+07
5.36399999e+04,-1.970893093986e+07,-2.686666382217e+07,3.048035949455e+03,2.176689587921e+02,3.332055995281e+07
5.38199999e+04,-1.915991433014e+07,-2.682697434434e+07,3.052151231594e+03,2.233542384143e+02,3.296648295697e+07
5.39999999e+04,-1.861015567034e+07,-2.678624572596e+07,3.056280340804e+03,2.292157875016e+02,3.261657523716e+07
5.41799999e+04,-1.805965281057e+07,-2.674444579477e+07,3.060419455617e+03,2.352585367141e+02,3.227098640624e+07
5.43599999e+04,-1.750840431899e+07,-2.670154149157e+07,3.064564416487e+03,2.414874067946e+02,3.192987096796e+07
5.45399999e+04,-1.695640954415e+07,-2.665749887394e+07,3.068710708926e+03,2.479072868405e+02,3.159338836099e+07
5.47199999e+04,-1.640366868040e+07,-2.661228312407e+07,3.072853446993e+03,2.545230100194e+02,3.126170298642e+07
5.48999999e+04,-1.585018283622e+07,-2.656585856122e+07,3.076987357383e+03,2.613393265904e+02,3.093498421631e+07
5.50799999e+04,-1.529595410525e+07,-2.651818865927e+07,3.081106764357e+03,2.683608741007e+02,3.061340638100e+07
5.52599999e+04,-1.474098564003e+07,-2.646923606992e+07,3.085205575822e+03,2.755921446515e+02,3.029714873239e+07
5.54399999e+04,-1.418528172814e+07,-2.641896265206e+07,3.089277270889e+03,2.830374491459e+02,2.998639538052e+07
5.56199999e+04,-1.362884787027e+07,-2.636732950777e+07,3.093314889269e+03,2.907008784697e+02,2.968133520058e+07
5.57999999e+04,-1.307169086020e+07,-2.631429702574e+07,3.097311022913e+03,2.985862615866e+02,2.938216170726e+07
5.59799999e+04,-1.251381886586e+07,-2.625982493234e+07,3.101257810322e+03,3.066971205843e+02,2.908907289360e+07
5.61599999e+04,-1.195524151131e+07,-2.620387235116e+07,3.105146933997e+03,3.150366227565e+02,2.880227103104e+07
5.63399999e+04,-1.139596995874e+07,-2.614639787139e+07,3.108969621521e+03,3.236075298722e+02,2.852196242777e+07
5.65199999e+04,-1.083601698996e+07,-2.608735962559e+07,3.112716650763e+03,3.324121448593e+02,2.824835714239e+07
5.66999999e+04,-1.027539708654e+07,-2.602671537724e+07,3.116378359757e+03,3.414522562050e+02,2.798166864988e+07
5.68799999e+04,-9.714126507677e+06,-2.596442261848e+07,3.119944661749e+03,3.507290804732e+02,2.772211345742e+07
5.70599999e+04,-9.152223364933e+06,-2.590043867836e+07,3.123405065947e+03,3.602432034294e+02,2.746991066761e+07
5.72399999e+04,-8.589707692591e+06,-2.583472084174e+07,3.126748704455e+03,3.699945203734e+02,2.722528148702e+07
5.74199999e+04,-8.026601512629e+06,-2.576722647893e+07,3.129964365847e+03,3.799821763833e+02,2.698844867878e+07
5.75999999e+04,-7.462928893009e+06,-2.569791318612e+07,3.133040535757e+03,3.902045072845e+02,2.675963595794e+07
5.77799999e+04,-6.898715998007e+06,-2.562673893616e+07,3.135965444819e+03,4.006589822664e+02,2.653906732963e+07
5.79599999e+04,-6.333991129227e+06,-2.555366223961e+07,3.138727124148e+03,4.113421491684e+02,2.632696637034e+07
5.81399999e+04,-5.768784755955e+06,-2.547864231517e+07,3.141313468465e+03,4.222495835490e+02,2.612355545374e+07
5.83199999e+04,-5.203129533455e+06,-2.540163926894e+07,3.143712306789e+03,4.333758427308e+02,2.592905492343e+07
5.84999999e+04,-4.637060307880e+06,-2.532261428139e+07,3.145911480501e+03,4.447144260653e+02,2.574368221605e+07
5.86799999e+04,-4.070614106496e+06,-2.524152980077e+07,3.147898928349e+03,4.562577426992e+02,2.556765093919e+07
5.88599999e+04,-3.503830112024e+06,-2.515834974167e+07,3.149662777789e+03,4.679970881158e+02,2.540116991003e+07
5.90399999e+04,-2.936749620033e+06,-2.507303968679e+07,3.151191441861e+03,4.799226306963e+02,2.524444216141e+07
5.92199999e+04,-2.369415978466e+06,-2.498556709022e+07,3.152473720543e+03,4.920234094639e+02,2.509766392366e+07
5.93999999e+04,-1.801874508620e+06,-2.489590148002e+07,3.153498905354e+03,5.042873440591e+02,2.496102359122e+07
5.95799999e+04,-1.234172407104e+06,-2.480401465783e+07,3.154256885749e+03,5.167012578273e+02,2.483470068461e+07
5.97599999e+04,-6.663586286173e+05,-2.470988089308e+07,3.154738255676e+03,5.292509146930e+02,2.471886481884e+07
5.99399999e+04,-9.848374964773e+04,-2.461347710934e+07,3.154934418522e+03,5.419210702467e+02,2.461367469029e+07
6.01199999e+04,4.694001864163e+05,-2.451478306010e+07,3.154837688547e+03,5.546955371793e+02,2.451927709484e+07
6.02999999e+04,1.037239841978e+06,-2.441378149158e+07,3.154441386834e+03,5.675572648841e+02,2.443580598992e+07
6.04799999e+04,1.604980774555e+06,-2.431045828990e+07,3.153739929806e+03,5.804884327056e+02,2.436338161365e+07
6.06599999e+04,2.172567641212e+06,-2.420480261034e+07,3.152728908358e+03,5.934705559657e+02,2.430210967369e+07
6.08399999e+04,2.739944416266e+06,-2.409680698645e+07,3.151405155798e+03,6.064846035515e+02,2.425208061808e+07
6.10199999e+04,3.307054620083e+06,-2.398646741705e+07,3.149766802966e+03,6.195111255170e+02,2.421336899930e+07
6.11999999e+04,3.873841556535e+06,-2.387378342952e+07,3.147813319093e+03,6.325303888533e+02,2.418603294173e+07
6.13799999e+04,4.440248556443e+06,-2.375875811805e+07,3.145545537318e+03,6.455225193236e+02,2.417011372118e+07
6.15599999e+04,5.006219224167e+06,-2.364139815600e+07,3.142965664041e+03,6.584676470575e+02,2.416563546353e+07
6.17399999e+04,5.571697684400e+06,-2.352171378190e+07,3.140077271713e+03,6.713460534668e+02,2.417260496751e+07
6.19199999e+04,6.136628826155e+06,-2.339971875904e+07,3.136885275029e+03,6.841383169771e+02,2.419101165453e+07
6.20999999e+04,6.700958541007e+06,-2.327543030920e+07,3.133395890886e+03,6.968254550850e+02,2.422082764670e+07
6.22799999e+04,7.264633952717e+06,-2.314886902121e+07,3.129616582843e+03,7.093890603397e+02,2.426200797132e+07
6.24599999e+04,7.827603635545e+06,-2.302005873587e+07,3.125555991214e+03,7.218114280078e+02,2.431449088875e+07
6.26399999e+04,8.389817818785e+06,-2.288902640866e+07,3.121223850193e+03,7.340756734074e+02,2.437819833787e+07
6.28199999e+04,8.951228575356e+06,-2.275580195255e+07,3.116630893728e+03,7.461658371822e+02,2.445303649194e+07
6.29999999e+04,9.511789992560e+06,-2.262041806290e+07,3.111788752048e+03,7.580669771099e+02,2.453889641571e+07
6.31799999e+04,1.007145832355e+07,-2.248291002721e+07,3.106709840902e+03,7.697652453978e+02,2.463565481349e+07
6.33599999e+04,1.063019211833e+07,-2.234331552233e+07,3.101407245634e+03,7.812479507860e+02,2.474317485646e+07
6.35399999e+04,1.118795233363e+07,-2.220167440183e+07,3.095894602265e+03,7.925036051532e+02,2.486130707708e+07
6.37199999e+04,1.174470242125e+07,-2.205802847641e+07,3.090185977659e+03,8.035219546742e+02,2.498989031771e+07
6.38999999e+04,1.230040839486e+07,-2.191242129005e+07,3.084295750770e+03,8.142939959153e+02,2.512875272040e+07
6.40799999e+04,1.285503887571e+07,-2.176489789458e+07,3.078238496802e+03,8.248119775458e+02,2.527771274502e+07
6.42599999e+04,1.340856511787e+07,-2.161550462519e+07,3.072028875923e+03,8.350693886055e+02,2.543658020331e+07
6.44399999e+04,1.396096101394e+07,-2.146428887909e+07,3.065681527930e+03,8.450609344674e+02,2.560515729682e+07
6.46199999e+04,1.451220308240e+07,-2.131129889962e+07,3.059210974057e+03,8.547825018002e+02,2.578323964779e+07
6.47999999e+04,1.506227043810e+07,-2.115658356750e+07,3.052631526819e+03,8.642311139359e+02,2.597061731281e+07
6.49799999e+04,1.561114474715e+07,-2.100019220085e+07,3.045957208584e+03,8.734048781096e+02,2.616707577034e+07
6.51599999e+04,1.615881016810e+07,-2.084217436532e+07,3.039201679283e+03,8.823029260540e+02,2.637239687403e+07
6.53399999e+04,1.670525328085e+07,-2.068257969548e+07,3.032378173483e+03,8.909253494058e+02,2.658635976544e+07
6.55199999e+04,1.725046300520e+07,-2.052145772814e+07,3.025499446804e+03,8.992731313206e+02,2.680874174048e+07
6.56999999e+04,1.779443051041e+07,-2.035885774818e+07,3.018577731525e+03,9.073480756129e+02,2.703931906535e+07
6.58799999e+04,1.833714911775e+07,-2.019482864733e+07,3.011624701045e+03,9.151527346267e+02,2.727786773879e+07
6.60599999e+04,1.887861419729e+07,-2.002941879599e+07,3.004651442747e+03,9.226903369243e+02,2.752416419857e+07
6.62399999e+04,1.941882306060e+07,-1.986267592792e+07,2.997668438722e+03,9.299647157490e+02,2.777798597086e+07
6.64199999e+04,1.995777485060e+07,-1.969464703773e+07,2.990685553741e+03,9.369802390875e+02,2.803911226234e+07
6.65999999e+04,2.049547042984e+07,-1.952537829077e+07,2.983712029809e+03,9.437417420199e+02,2.830732449538e+07
6.67799999e+04,2.103191226838e+07,-1.935491494490e+07,2.976756486605e+03,9.502544619217e+02,2.858240678738e+07
6.69599999e+04,2.156710433220e+07,-1.918330128372e+07,2.969826927133e+03,9.565239769552e+02,2.886414637600e+07
6.71399999e+04,2.210105197305e+07,-1.901058056044e+07,2.962930747878e+03,9.625561481805e+02,2.915233399216e+07
6.73199999e+04,2.263376182051e+07,-1.883679495188e+07,2.956074752819e+03,9.683570655090e+02,2.944676418343e+07
6.74999999e+04,2.316524167679e+07,-1.866198552192e+07,2.949265170656e+03,9.739329976361e+02,2.974723559046e+07
6.76799999e+04,2.369550041497e+07,-1.848619219341e+07,2.942507674670e+03,9.792903460061e+02,3.005355117928e+07
6.78599999e+04,2.422454788098e+07,-1.830945372821e+07,2.935807404665e+03,9.844356028000e+02,3.036551843251e+07
6.80399999e+04,2.475239479964e+07,-1.813180771428e+07,2.929168990487e+03,9.893753128748e+02,3.068294950254e+07
6.82199999e+04,2.527905268510e+07,-1.795329055939e+07,2.922596576686e+03,9.941160395424e+02,3.100566132983e+07
6.83999999e+04,2.580453375575e+07,-1.777393749054e+07,2.916093847911e+03,9.986643340344e+02,3.133347572921e+07
6.85799999e+04,2.632885085376e+07,-1.759378255867e+07,2.909664054683e+03,1.003026708478e+03,3.166621944722e+07
6.87599999e+04,2.685201736927e+07,-1.741285864784e+07,2.903310039264e+03,1.007209612178e+03,3.200372419339e+07
6.89399999e+04,2.737404716918e+07,-1.723119748847e+07,2.897034261336e+03,1.011219411006e+03,3.234582664810e+07
6.91199999e+04,2.789495453064e+07,-1.704882967398e+07,2.890838823292e+03,1.015062369659e+03,3.269236844969e+07
6.92999999e+04,2.841475407892e+07,-1.686578468040e+07,2.884725494945e+03,1.018744636581e+03,3.304319616316e+07
6.94799999e+04,2.893346072972e+07,-1.668209088847e+07,2.878695737526e+03,1.022272231326e+03,3.339816123285e+07
6.96599999e+04,2.945108963574e+07,-1.649777560780e+07,2.872750726828e+03,1.025651034133e+03,3.375711992111e+07
6.98399999e+04,2.996765613732e+07,-1.631286510274e+07,2.866891375440e+03,1.028886777526e+03,3.411993323506e+07
7.00199999e+04,3.048317571696e+07,-1.612738461961e+07,2.861118353983e+03,1.031985039712e+03,3.448646684301e+07
7.01999999e+04,3.099766395762e+07,-1.594135841489e+07,2.855432111314e+03,1.034951239619e+03,3.485659098241e+07
7.03799999e+04,3.151113650454e+07,-1.575480978429e+07,2.849832893673e+03,1.037790633367e+03,3.523018036066e+07
7.05599999e+04,3.202360903043e+07,-1.556776109223e+07,2.844320762765e+03,1.040508312020e+03,3.560711405021e+07
7.07399999e+04,3.253509720376e+07,-1.538023380170e+07,2.838895612767e+03,1.043109200473e+03,3.598727537912e+07
7.09199999e+04,3.304561666009e+07,-1.519224850417e+07,2.833557186294e+03,1.045598057303e+03,3.637055181813e+07
7.10999999e+04,3.355518297614e+07,-1.500382494950e+07,2.828305089326e+03,1.047979475491e+03,3.675683486532e+07
7.12799999e+04,3.406381164645e+07,-1.481498207559e+07,2.823138805136e+03,1.050257883867e+03,3.714601992906e+07
7.14599999e+04,3.457151806248e+07,-1.462573803780e+07,2.818057707251e+03,1.052437549178e+03,3.753800621012e+07
7.16399999e+04,3.507831749399e+07,-1.443611023785e+07,2.813061071481e+03,1.054522578698e+03,3.793269658356e+07
7.18199999e+04,3.558422507241e+07,-1.424611535230e+07,2.808148087056e+03,1.056516923261e+03,3.832999748090e+07
7.19999999e+04,3.608925577620e+07,-1.405576936036e+07,2.803317866927e+03,1.058424380671e+03,3.872981877322e+07
7.21799999e+04,3.659342441803e+07,-1.386508757115e+07,2.798569457250e+03,1.060248599401e+03,3.913207365546e+07
7.23599999e+04,3.709674563353e+07,-1.367408465021e+07,2.793901846124e+03,1.061993082519e+03,3.953667853240e+07
7.25399999e+04,3.759923387155e+07,-1.348277464531e+07,2.789313971604e+03,1.063661191797e+03,3.994355290649e+07
7.27199999e+04,3.810090338584e+07,-1.329117101148e+07,2.784804729051e+03,1.065256151946e+03,4.035261926795e+07
7.28999999e+04,3.860176822802e+07,-1.309928663534e+07,2.780372977853e+03,1.066781054938e+03,4.076380298718e+07
7.30799999e+04,3.910184224157e+07,-1.290713385856e+07,2.776017547553e+03,1.068238864386e+03,4.117703220982e+07
7.32599999e+04,3.960113905706e+07,-1.271472450058e+07,2.771737243436e+03,1.069632419932e+03,4.159223775435e+07
7.34399999e+04,4.009967208821e+07,-1.252206988055e+07,2.767530851601e+03,1.070964441639e+03,4.200935301267e+07
7.36199999e+04,4.059745452886e+07,-1.232918083841e+07,2.763397143571e+03,1.072237534344e+03,4.242831385331e+07
7.37999999e+04,4.109449935071e+07,-1.213606775532e+07,2.759334880450e+03,1.073454191974e+03,4.284905852775e+07
7.39799999e+04,4.159081930182e+07,-1.194274057316e+07,2.755342816689e+03,1.074616801779e+03,4.327152757955e+07
7.41599999e+04,4.208642690571e+07,-1.174920881340e+07,2.751419703471e+03,1.075727648504e+03,4.369566375641e+07
7.43399999e+04,4.258133446104e+07,-1.155548159520e+07,2.747564291750e+03,1.076788918456e+03,4.412141192523e+07
7.45199999e+04,4.307555404184e+07,-1.136156765271e+07,2.743775334976e+03,1.077802703484e+03,4.454871899001e+07
7.46999999e+04,4.356909749817e+07,-1.116747535178e+07,2.740051591530e+03,1.078771004842e+03,4.497753381266e+07
7.48799999e+04,4.406197645720e+07,-1.097321270590e+07,2.736391826883e+03,1.079695736954e+03,4.540780713663e+07
7.50599999e+04,4.455420232465e+07,-1.077878739150e+07,2.732794815520e+03,1.080578731049e+03,4.583949151329e+07
7.52399999e+04,4.504578628663e+07,-1.058420676262e+07,2.729259342631e+03,1.081421738693e+03,4.627254123110e+07
7.54199999e+04,4.553673931163e+07,-1.038947786492e+07,2.725784205602e+03,1.082226435190e+03,4.670691224735e+07
7.55999999e+04,4.602707215287e+07,-1.019460744913e+07,2.722368215313e+03,1.082994422873e+03,4.714256212260e+07
7.57799999e+04,4.651679535083e+07,-9.999601983882e+06,2.719010197273e+03,1.083727234269e+03,4.757944995754e+07
7.59599999e+04,4.700591923599e+07,-9.804467668012e+06,2.715708992590e+03,1.084426335149e+03,4.801753633235e+07
7.61399999e+04,4.749445393166e+07,-9.609210442303e+06,2.712463458808e+03,1.085093127457e+03,4.845678324849e+07
7.63199999e+04,4.798240935707e+07,-9.413836000720e+06,2.709272470609e+03,1.085728952129e+03,4.889715407266e+07
7.64999999e+04,4.846979523049e+07,-9.218349801146e+06,2.706134920404e+03,1.086335091798e+03,4.933861348314e+07
7.66799999e+04,4.895662107241e+07,-9.022757075643e+06,2.703049718814e+03,1.086912773381e+03,4.978112741816e+07
7.68599999e+04,4.944289620895e+07,-8.827062840255e+06,2.700015795059e+03,1.087463170570e+03,5.022466302644e+07
7.70399999e+04,4.992862977516e+07,-8.631271904371e+06,2.697032097259e+03,1.087987406208e+03,5.066918861967e+07
7.72199999e+04,5.041383071848e+07,-8.435388879675e+06,2.694097592660e+03,1.088486554572e+03,5.111467362692e+07
7.73999999e+04,5.089850780217e+07,-8.239418188687e+06,2.691211267789e+03,1.088961643548e+03,5.156108855099e+07
7.75799999e+04,5.138266960884e+07,-8.043364072925e+06,2.688372128547e+03,1.089413656723e+03,5.200840492646e+07
7.77599999e+04,5.186632454388e+07,-7.847230600699e+06,2.685579200244e+03,1.089843535371e+03,5.245659527947e+07
7.79399999e+04,5.234948083900e+07,-7.651021674553e+06,2.682831527589e+03,1.090252180365e+03,5.290563308922e+07
7.81199999e+04,5.283214655569e+07,-7.454741038374e+06,2.680128174633e+03,1.090640453992e+03,5.335549275097e+07
7.82999999e+04,5.331432958870e+07,-7.258392284179e+06,2.677468224672e+03,1.091009181696e+03,5.380614954061e+07
7.84799999e+04,5.379603766950e+07,-7.061978858596e+06,2.674850780116e+03,1.091359153730e+03,5.425757958073e+07
7.86599999e+04,5.427727836970e+07,-6.865504069054e+06,2.672274962330e+03,1.091691126749e+03,5.470975980798e+07
7.88399999e+04,5.475805910447e+07,-6.668971089695e+06,2.669739911443e+03,1.092005825315e+03,5.516266794191e+07
7.90199999e+04,5.523838713584e+07,-6.472382967021e+06,2.667244786136e+03,1.092303943341e+03,5.561628245497e+07
7.91999999e+04,5.571826957607e+07,-6.275742625281e+06,2.664788763414e+03,1.092586145471e+03,5.607058254387e+07
7.93799999e+04,5.619771339093e+07,-6.079052871625e+06,2.662371038354e+03,1.092853068389e+03,5.652554810202e+07
7.95599999e+04,5.667672540288e+07,-5.882316401024e+06,2.659990823840e+03,1.093105322070e+03,5.698115969314e+07
7.97399999e+04,5.715531229430e+07,-5.685535800963e+06,2.657647350288e+03,1.093343490979e+03,5.743739852603e+07
7.99199999e+04,5.763348061059e+07,-5.488713555937e+06,2.655339865360e+03,1.093568135205e+03,5.789424643021e+07
8.00999999e+04,5.811123676328e+07,-5.291852051735e+06,2.653067633662e+03,1.093779791552e+03,5.835168583276e+07
8.02800000e+04,5.858858703300e+07,-5.094953579541e+06,2.650829936450e+03,1.093978974570e+03,5.880969973594e+07
8.04600000e+04,5.906553757251e+07,-4.898020339845e+06,2.648626071314e+03,1.094166177544e+03,5.926827169585e+07
8.06400000e+04,5.954209440957e+07,-4.701054446192e+06,2.646455351868e+03,1.094341873437e+03,5.972738580184e+07
8.08200000e+04,6.001826344981e+07,-4.504057928754e+06,2.644317107437e+03,1.094506515786e+03,6.018702665692e+07
8.10000000e+04,6.049405047952e+07,-4.307032737748e+06,2.642210682738e+03,1.094660539559e+03,6.064717935879e+07
8.11800000e+04,6.096946116843e+07,-4.109980746710e+06,2.640135437563e+03,1.094804361970e+03,6.110782948175e+07
8.13600000e+04,6.144450107232e+07,-3.912903755613e+06,2.638090746460e+03,1.094938383260e+03,6.156896305935e+07
8.15400000e+04,6.191917563574e+07,-3.715803493861e+06,2.636075998419e+03,1.095062987438e+03,6.203056656766e+07
8.17200000e+04,6.239349019450e+07,-3.518681623143e+06,2.634090596554e+03,1.095178542987e+03,6.249262690928e+07
8.19000000e+04,6.286744997823e+07,-3.321539740168e+06,2.632133957792e+03,1.095285403541e+03,6.295513139797e+07
8.20800000e+04,6.334106011283e+07,-3.124379379278e+06,2.630205512563e+03,1.095383908532e+03,6.341806774388e+07
8.22600000e+04,6.381432562287e+07,-2.927202014949e+06,2.628304704492e+03,1.095474383796e+03,6.388142403942e+07
8.24400000e+04,6.428725143393e+07,-2.730009064186e+06,2.626430990095e+03,1.095557142168e+03,6.434518874562e+07
8.26200000e+04,6.475984237491e+07,-2.532801888813e+06,2.624583838481e+03,1.095632484036e+03,6.480935067909e+07
8.28000000e+04,6.523210318024e+07,-2.335581797664e+06,2.622762731058e+03,1.095700697874e+03,6.527389899947e+07
8.29800000e+04,6.570403849213e+07,-2.138350048679e+06,2.620967161238e+03,1.095762060753e+03,6.573882319738e+07
8.31600000e+04,6.617565286261e+07,-1.941107850918e+06,2.619196634156e+03,1.095816838826e+03,6.620411308282e+07
8.33400000e+04,6.664695075572e+07,-1.743856366480e+06,2.617450666383e+03,1.095865287792e+03,6.666975877408e+07
8.35200000e+04,6.711793654945e+07,-1.546596712345e+06,2.615728785656e+03,1.095907653335e+03,6.713575068703e+07
8.37000000e+04,6.758861453778e+07,-1.349329962140e+06,2.614030530604e+03,1.095944171552e+03,6.760207952485e+07
8.38800000e+04,6.805898893263e+07,-1.152057147827e+06,2.612355450481e+03,1.095975069350e+03,6.806873626813e+07
8.40600000e+04,6.852906386567e+07,-9.547792613236e+05,2.610703104911e+03,1.096000564838e+03,6.853571216540e+07
8.42400000e+04,6.899884339027e+07,-7.574972560507e+05,2.609073063624e+03,1.096020867686e+03,6.900299872399e+07
8.44200000e+04,6.946833148321e+07,-5.602120484220e+05,2.607464906217e+03,1.096036179484e+03,6.947058770124e+07
8.46000000e+04,6.993753204647e+07,-3.629245192672e+05,2.605878221900e+03,1.096046694072e+03,6.993847109607e+07
8.47800000e+04,7.040644890895e+07,-1.656355151979e+05,2.604312609263e+03,1.096052597863e+03,7.040664114084e+07
8.49600000e+04,7.087508582811e+07,3.165415008325e+04,2.602767676043e+03,1.096054070150e+03,7.087509029352e+07
8.51400000e+04,7.134344649161e+07,2.289436945272e+05,2.601243038891e+03,1.096051283393e+03,7.134381123021e+07
8.53200000e+04,7.181153451889e+07,4.262323665343e+05,2.599738323154e+03,1.096044403506e+03,7.181279683783e+07
8.55000000e+04,7.227935346274e+07,6.235194438001e+05,2.598253162654e+03,1.096033590118e+03,7.228204020724e+07
8.56800000e+04,7.274690681075e+07,8.208042322072e+05,2.596787199478e+03,1.096018996833e+03,7.275153462645e+07
8.58600000e+04,7.321419798684e+07,1.018086064763e+06,2.595340083770e+03,1.096000771469e+03,7.322127357420e+07
8.60400000e+04,7.368123035266e+07,1.215364300578e+06,2.593911473527e+03,1.095979056298e+03,7.369125071374e+07
8.62200000e+04,7.414800720898e+07,1.412638323892e+06,2.592501034406e+03,1.095953988262e+03,7.416145988681e+07
8.64000000e+04,7.461453179708e+07,1.609907543127e+06,2.591108439527e+03,1.095925699194e+03,7.463189510791e+07
8.65800000e+04,7.508080730006e+07,1.807171389994e+06,2.589733369289e+03,1.095894316016e+03,7.510255055870e+07
8.67600000e+04,7.554683684411e+07,2.004429318621e+06,2.588375511183e+03,1.095859960938e+03,7.557342058266e+07
8.69400000e+04,7.601262349981e+07,2.201680804723e+06,2.587034559619e+03,1.095822751643e+03,7.604449967993e+07
8.71200000e+04,7.647817028335e+07,2.398925344807e+06,2.585710215751e+03,1.095782801469e+03,7.651578250231e+07
8.73000000e+04,7.694348015771e+07,2.596162455399e+06,2.584402187305e+03,1.095740219578e+03,7.698726384851e+07
8.74800000e+04,7.740855603384e+07,2.793391672312e+06,2.583110188417e+03,1.095695111119e+03,7.745893865945e+07
8.76600000e+04,7.787340077181e+07,2.990612549939e+06,2.581833939471e+03,1.095647577388e+03,7.793080201387e+07
8.78400000e+04,7.833801718189e+07,3.187824660567e+06,2.580573166946e+03,1.095597715976e+03,7.840284912398e+07
8.80200000e+04,7.880240802568e+07,3.385027593729e+06,2.579327603258e+03,1.095545620915e+03,7.887507533134e+07
8.82000000e+04,7.926657601712e+07,3.582220955574e+06,2.578096986618e+03,1.095491382815e+03,7.934747610283e+07
8.83800000e+04,7.973052382353e+07,3.779404368261e+06,2.576881060884e+03,1.095435088995e+03,7.982004702680e+07
8.85600000e+04,8.019425406665e+07,3.976577469381e+06,2.575679575421e+03,1.095376823611e+03,8.029278380935e+07
8.87400000e+04,8.065776932357e+07,4.173739911399e+06,2.574492284965e+03,1.095316667778e+03,8.076568227071e+07
8.89200000e+04,8.112107212770e+07,4.370891361112e+06,2.573318949489e+03,1.095254699685e+03,8.123873834178e+07
8.91000000e+04,8.158416496974e+07,4.568031499141e+06,2.572159334076e+03,1.095190994708e+03,8.171194806077e+07
8.92800000e+04,8.204705029852e+07,4.765160019424e+06,2.571013208788e+03,1.095125625514e+03,8.218530756999e+07
8.94600000e+04,8.250973052194e+07,4.962276628748e+06,2.569880348549e+03,1.095058662168e+03,8.265881311267e+07
8.96400000e+04,8.297220800780e+07,5.159381046281e+06,2.568760533019e+03,1.094990172226e+03,8.313246102997e+07
8.98200000e+04,8.343448508467e+07,5.356473003136e+06,2.567653546484e+03,1.094920220835e+03,8.360624775808e+07
9.00000000e+04,8.389656404269e+07,5.553552241939e+06,2.566559177740e+03,1.094848870818e+03,8.408016982536e+07
9.01800000e+04,8.435844713439e+07,5.750618516425e+06,2.565477219981e+03,1.094776182764e+03,8.455422384965e+07
9.03600000e+04,8.482013657546e+07,5.947671591036e+06,2.564407470694e+03,1.094702215112e+03,8.502840653562e+07
9.05400000e+04,8.528163454551e+07,6.144711240550e+06,2.563349731555e+03,1.094627024229e+03,8.550271467221e+07
9.07200000e+04,8.574294318882e+07,6.341737249706e+06,2.562303808326e+03,1.094550664485e+03,8.597714513023e+07
9.09000000e+04,8.620406461508e+07,6.538749412860e+06,2.561269510756e+03,1.094473188332e+03,8.645169485989e+07
9.10800000e+04,8.666500090007e+07,6.735747533639e+06,2.560246652486e+03,1.094394646371e+03,8.692636088860e+07
9.12600000e+04,8.712575408639e+07,6.932731424617e+06,2.559235050955e+03,1.094315087418e+03,8.740114031867e+07
9.14400000e+04,8.758632618409e+07,7.129700906999e+06,2.558234527308e+03,1.094234558575e+03,8.787603032518e+07
9.16200000e+04,8.804671917136e+07,7.326655810321e+06,2.557244906307e+03,1.094153105287e+03,8.835102815393e+07
9.18000000e+04,8.850693499519e+07,7.523595972152e+06,2.556266016246e+03,1.094070771405e+03,8.882613111938e+07
9.19800000e+04,8.896697557194e+07,7.720521237816e+06,2.555297688867e+03,1.093987599244e+03,8.930133660274e+07
9.21600000e+04,8.942684278801e+07,7.917431460120e+06,2.554339759275e+03,1.093903629638e+03,8.977664205004e+07
9.23400000e+04,8.988653850040e+07,8.114326499091e+06,2.553392065864e+03,1.093818901992e+03,9.025204497038e+07
9.25200000e+04,9.034606453732e+07,8.311206221724e+06,2.552454450232e+03,1.093733454336e+03,9.072754293407e+07
9.27000000e+04,9.080542269876e+07,8.508070501741e+06,2.551526757112e+03,1.093647323370e+03,9.120313357099e+07
9.28800000e+04,9.126461475702e+07,8.704919219353e+06,2.550608834297e+03,1.093560544518e+03,9.167881456892e+07
9.30600000e+04,9.172364245728e+07,8.901752261035e+06,2.549700532564e+03,1.093473151967e+03,9.215458367191e+07
9.32400000e+04,9.218250751812e+07,9.098569519309e+06,2.548801705609e+03,1.093385178715e+03,9.263043867876e+07
9.34200000e+04,9.264121163206e+07,9.295370892532e+06,2.547912209980e+03,1.093296656612e+03,9.310637744149e+07
9.36000000e+04,9.309975646603e+07,9.492156284694e+06,2.547031905004e+03,1.093207616399e+03,9.358239786390e+07
9.37800000e+04,9.355814366189e+07,9.688925605221e+06,2.546160652732e+03,1.093118087750e+03,9.405849790015e+07
9.39600000e+04,9.401637483692e+07,9.885678768788e+06,2.545298317869e+03,1.093028099308e+03,9.453467555340e+07
9.41400000e+04,9.447445158426e+07,1.008241569514e+07,2.544444767714e+03,1.092937678719e+03,9.501092887446e+07
9.43200000e+04,9.493237547341e+07,1.027913630889e+07,2.543599872106e+03,1.092846852671e+03,9.548725596055e+07
9.45000000e+04,9.539014805067e+07,1.047584053941e+07,2.542763503358e+03,1.092755646924e+03,9.596365495400e+07
9.46800000e+04,9.584777083955e+07,1.067252832059e+07,2.541935536207e+03,1.092664086345e+03,9.644012404110e+07
9.48600000e+04,9.630524534124e+07,1.086919959074e+07,2.541115847756e+03,1.092572194937e+03,9.691666145088e+07
9.50400000e+04,9.676257303504e+07,1.106585429240e+07,2.540304317421e+03,1.092479995869e+03,9.739326545398e+07
9.52200000e+04,9.721975537871e+07,1.126249237222e+07,2.539500826879e+03,1.092387511505e+03,9.786993436160e+07
9.54000000e+04,9.767679380893e+07,1.145911378081e+07,2.538705260018e+03,1.092294763433e+03,9.834666652437e+07
9.55800000e+04,9.813368974168e+07,1.165571847258e+07,2.537917502884e+03,1.092201772490e+03,9.882346033133e+07
9.57600000e+04,9.859044457262e+07,1.185230640564e+07,2.537137443639e+03,1.092108558787e+03,9.930031420895e+07
9.59400000e+04,9.904705967745e+07,1.204887754164e+07,2.536364972507e+03,1.092015141738e+03,9.977722662015e+07
9.61200000e+04,9.950353641231e+07,1.224543184568e+07,2.535599981733e+03,1.091921540079e+03,1.002541960633e+08
9.63000000e+04,9.995987611411e+07,1.244196928617e+07,2.534842365538e+03,1.091827771892e+03,1.007312210714e+08
9.64800000e+04,1.004160801009e+08,1.263848983471e+07,2.534092020070e+03,1.091733854631e+03,1.012083002110e+08
9.66600000e+04,1.008721496722e+08,1.283499346600e+07,2.533348843371e+03,1.091639805137e+03,1.016854320818e+08
9.68400000e+04,1.013280861094e+08,1.303148015770e+07,2.532612735327e+03,1.091545639665e+03,1.021626153149e+08
9.70200000e+04,1.017838906759e+08,1.322794989036e+07,2.531883597632e+03,1.091451373899e+03,1.026398485732e+08
9.72000000e+04,1.022395646177e+08,1.342440264729e+07,2.531161333748e+03,1.091357022974e+03,1.031171305496e+08
9.73800000e+04,1.026951091635e+08,1.362083841449e+07,2.530445848868e+03,1.091262601494e+03,1.035944599665e+08
9.75600000e+04,1.031505255251e+08,1.381725718053e+07,2.529737049873e+03,1.091168123547e+03,1.040718355755e+08
9.77400000e+04,1.036058148978e+08,1.401365893649e+07,2.529034845303e+03,1.091073602727e+03,1.045492561561e+08
9.79200000e+04,1.040609784604e+08,1.421004367583e+07,2.528339145318e+03,1.090979052147e+03,1.050267205153e+08
9.81000000e+04,1.045160173758e+08,1.440641139433e+07,2.527649861661e+03,1.090884484456e+03,1.055042274867e+08
9.82800000e+04,1.049709327911e+08,1.460276209003e+07,2.526966907630e+03,1.090789911856e+03,1.059817759302e+08
9.84600000e+04,1.054257258379e+08,1.479909576311e+07,2.526290198038e+03,1.090695346111e+03,1.064593647308e+08
9.86400000e+04,1.058803976327e+08,1.499541241582e+07,2.525619649188e+03,1.090600798570e+03,1.069369927987e+08
9.88200000e+04,1.063349492770e+08,1.519171205244e+07,2.524955178834e+03,1.090506280176e+03,1.074146590680e+08
9.90000000e+04,1.067893818576e+08,1.538799467916e+07,2.524296706158e+03,1.090411801478e+03,1.078923624965e+08
9.91800000e+04,1.072436964469e+08,1.558426030406e+07,2.523644151735e+03,1.090317372647e+03,1.083701020649e+08
9.93600000e+04,1.076978941032e+08,1.578050893699e+07,2.522997437505e+03,1.090223003488e+03,1.088478767764e+08
9.95400000e+04,1.081519758709e+08,1.597674058955e+07,2.522356486747e+03,1.090128703449e+03,1.093256856563e+08
9.97200000e+04,1.086059427804e+08,1.617295527502e+07,2.521721224046e+03,1.090034481638e+03,1.098035277509e+08
9.99000000e+04,1.090597958490e+08,1.636915300826e+07,2.521091575271e+03,1.089940346829e+03,1.102814021277e+08
1.00080000e+05,1.095135360806e+08,1.656533380570e+07,2.520467467548e+03,1.089846307477e+03,1.107593078744e+08
1.00260000e+05,1.099671644661e+08,1.676149768526e+07,2.519848829230e+03,1.089752371723e+03,1.112372440985e+08
1.00440000e+05,1.104206819837e+08,1.695764466630e+07,2.519235589875e+03,1.089658547411e+03,1.117152099271e+08
1.00620000e+05,1.108740895988e+08,1.715377476956e+07,2.518627680224e+03,1.089564842094e+03,1.121932045060e+08
1.00800000e+05,1.113273882648e+08,1.734988801712e+07,2.518025032171e+03,1.089471263041e+03,1.126712269997e+08
1.00980000e+05,1.117805789227e+08,1.754598443235e+07,2.517427578743e+03,1.089377817253e+03,1.131492765906e+08
1.01160000e+05,1.122336625015e+08,1.774206403983e+07,2.516835254078e+03,1.089284511465e+03,1.136273524786e+08
1.01340000e+05,1.126866399186e+08,1.793812686536e+07,2.516247993400e+03,1.089191352158e+03,1.141054538811e+08
1.01520000e+05,1.131395120797e+08,1.813417293586e+07,2.515665733000e+03,1.089098345566e+03,1.145835800321e+08
1.01700000e+05,1.135922798793e+08,1.833020227938e+07,2.515088410211e+03,1.089005497686e+03,1.150617301820e+08
1.01880000e+05,1.140449442005e+08,1.852621492499e+07,2.514515963391e+03,1.088912814282e+03,1.155399035973e+08
1.02060000e+05,1.144975059156e+08,1.872221090281e+07,2.513948331901e+03,1.088820300897e+03,1.160180995601e+08
1.02240000e+05,1.149499658859e+08,1.891819024393e+07,2.513385456084e+03,1.088727962855e+03,1.164963173678e+08
1.02420000e+05,1.154023249622e+08,1.911415298036e+07,2.512827277247e+03,1.088635805273e+03,1.169745563327e+08
1.02600000e+05,1.158545839846e+08,1.931009914504e+07,2.512273737643e+03,1.088543833065e+03,1.174528157819e+08
1.02780000e+05,1.163067437832e+08,1.950602877176e+07,2.511724780450e+03,1.088452050949e+03,1.179310950563e+08
1.02960000e+05,1.167588051777e+08,1.970194189515e+07,2.511180349754e+03,1.088360463451e+03,1.184093935112e+08
1.03140000e+05,1.172107689780e+08,1.989783855063e+07,2.510640390532e+03,1.088269074918e+03,1.188877105152e+08
1.03320000e+05,1.176626359839e+08,2.009371877440e+07,2.510104848634e+03,1.088177889514e+03,1.193660454503e+08
1.03500000e+05,1.181144069858e+08,2.028958260338e+07,2.509573670765e+03,1.088086911234e+03,1.198443977116e+08
1.03680000e+05,1.185660827646e+08,2.048543007519e+07,2.509046804472e+03,1.087996143906e+03,1.203227667067e+08
1.03860000e+05,1.190176640916e+08,2.068126122815e+07,2.508524198124e+03,1.087905591197e+03,1.208011518558e+08
1.04040000e+05,1.194691517290e+08,2.087707610120e+07,2.508005800897e+03,1.087815256617e+03,1.212795525911e+08
1.04220000e+05,1.199205464300e+08,2.107287473391e+07,2.507491562761e+03,1.087725143524e+03,1.217579683568e+08
1.04400000e+05,1.203718489387e+08,2.126865716644e+07,2.506981434463e+03,1.087635255132e+03,1.222363986085e+08
1.04580000e+05,1.208230599905e+08,2.146442343952e+07,2.506475367511e+03,1.087545594512e+03,1.227148428133e+08
1.04760000e+05,1.212741803123e+08,2.166017359440e+07,2.505973314163e+03,1.087456164599e+03,1.231933004495e+08
1.04940000e+05,1.217252106221e+08,2.185590767287e+07,2.505475227409e+03,1.087366968193e+03,1.236717710058e+08
1.05120000e+05,1.221761516299e+08,2.205162571721e+07,2.504981060961e+03,1.087278007967e+03,1.241502539821e+08
1.05300000e+05,1.226270040371e+08,2.224732777015e+07,2.504490769236e+03,1.087189286470e+03,1.246287488881e+08
1.05480000e+05,1.230777685371e+08,2.244301387490e+07,2.504004307345e+03,1.087100806130e+03,1.251072552440e+08
1.05660000e+05,1.235284458153e+08,2.263868407506e+07,2.503521631081e+03,1.087012569259e+03,1.255857725798e+08
1.05840000e+05,1.239790365493e+08,2.283433841466e+07,2.503042696903e+03,1.086924578054e+03,1.260643004353e+08
1.06020000e+05,1.244295414086e+08,2.302997693811e+07,2.502567461926e+03,1.086836834605e+03,1.265428383595e+08
1.06200000e+05,1.248799610555e+08,2.322559969019e+07,2.502095883909e+03,1.086749340896e+03,1.270213859111e+08
1.06380000e+05,1.253302961442e+08,2.342120671602e+07,2.501627921242e+03,1.086662098808e+03,1.274999426575e+08
1.06560000e+05,1.257805473220e+08,2.361679806105e+07,2.501163532937e+03,1.086575110122e+03,1.279785081753e+08
1.06740000e+05,1.262307152286e+08,2.381237377105e+07,2.500702678612e+03,1.086488376524e+03,1.284570820495e+08
1.06920000e+05,1.266808004964e+08,2.400793389209e+07,2.500245318484e+03,1.086401899609e+03,1.289356638737e+08
1.07100000e+05,1.271308037510e+08,2.420347847049e+07,2.499791413357e+03,1.086315680878e+03,1.294142532500e+08
1.07280000e+05,1.275807256107e+08,2.439900755287e+07,2.499340924612e+03,1.086229721748e+03,1.298928497885e+08
1.07460000e+05,1.280305666870e+08,2.459452118606e+07,2.498893814195e+03,1.086144023551e+03,1.303714531072e+08
1.07640000e+05,1.284803275847e+08,2.479001941716e+07,2.498450044607e+03,1.086058587536e+03,1.308500628319e+08
1.07820000e+05,1.289300089017e+08,2.498550229346e+07,2.498009578895e+03,1.085973414876e+03,1.313286785963e+08
1.08000000e+05,1.293796112296e+08,2.518096986247e+07,2.497572380644e+03,1.085888506666e+03,1.318073000413e+08
1.08180000e+05,1.298291351531e+08,2.537642217187e+07,2.497138413964e+03,1.085803863926e+03,1.322859268151e+08
1.08360000e+05,1.302785812508e+08,2.557185926955e+07,2.496707643480e+03,1.085719487605e+03,1.327645585733e+08
1.08540000e+05,1.307279500949e+08,2.576728120353e+07,2.496280034330e+03,1.085635378585e+03,1.332431949782e+08
1.08720000e+05,1.311772422512e+08,2.596268802201e+07,2.495855552146e+03,1.085551537678e+03,1.337218356993e+08
1.08900000e+05,1.316264582796e+08,2.615807977331e+07,2.495434163054e+03,1.085467965633e+03,1.342004804125e+08
1.09080000e+05,1.320755987339e+08,2.635345650590e+07,2.495015833659e+03,1.085384663135e+03,1.346791288005e+08
1.09260000e+05,1.325246641618e+08,2.654881826834e+07,2.494600531042e+03,1.085301630809e+03,1.351577805523e+08
1.09440000e+05,1.329736551052e+08,2.674416510931e+07,2.494188222745e+03,1.085218869222e+03,1.356364353632e+08
1.09620000e+05,1.334225721001e+08,2.693949707761e+07,2.493778876772e+03,1.085136378883e+03,1.361150929349e+08
1.09800000e+05,1.338714156770e+08,2.713481422210e+07,2.493372461572e+03,1.085054160247e+03,1.365937529749e+08
1.09980000e+05,1.343201863607e+08,2.733011659171e+07,2.492968946038e+03,1.084972213714e+03,1.370724151967e+08
1.10160000e+05,1.347688846702e+08,2.752540423546e+07,2.492568299495e+03,1.084890539635e+03,1.375510793196e+08
1.10340000e+05,1.352175111192e+08,2.772067720243e+07,2.492170491695e+03,1.084809138310e+03,1.380297450687e+08
1.10520000e+05,1.356660662161e+08,2.791593554172e+07,2.491775492809e+03,1.084728009991e+03,1.385084121743e+08
1.10700000e+05,1.361145504638e+08,2.811117930250e+07,2.491383273420e+03,1.084647154883e+03,1.389870803727e+08
1.10880000e+05,1.365629643599e+08,2.830640853396e+07,2.490993804516e+03,1.084566573148e+03,1.394657494050e+08
1.11060000e+05,1.370113083971e+08,2.850162328532e+07,2.490607057482e+03,1.084486264902e+03,1.399444190180e+08
1.11240000e+05,1.374595830627e+08,2.869682360582e+07,2.490223004096e+03,1.084406230221e+03,1.404230889632e+08
1.11420000e+05,1.379077888389e+08,2.889200954469e+07,2.489841616519e+03,1.084326469139e+03,1.409017589975e+08
1.11600000e+05,1.383559262033e+08,2.908718115120e+07,2.489462867292e+03,1.084246981652e+03,1.413804288823e+08
1.11780000e+05,1.388039956282e+08,2.928233847458e+07,2.489086729328e+03,1.084167767717e+03,1.418590983843e+08
1.11960000e+05,1.392519975813e+08,2.947748156407e+07,2.488713175903e+03,1.084088827255e+03,1.423377672746e+08
1.12140000e+05,1.396999325254e+08,2.967261046887e+07,2.488342180656e+03,1.084010160151e+03,1.428164353289e+08
1.12320000e+05,1.401478009186e+08,2.986772523819e+07,2.487973717579e+03,1.083931766257e+03,1.432951023277e+08
1.12500000e+05,1.405956032145e+08,3.006282592119e+07,2.487607761009e+03,1.083853645391e+03,1.437737680557e+08
1.12680000e+05,1.410433398618e+08,3.025791256698e+07,2.487244285630e+03,1.083775797338e+03,1.442524323021e+08
1.12860000e+05,1.414910113050e+08,3.045298522466e+07,2.486883266458e+03,1.083698221856e+03,1.447310948603e+08
1.13040000e+05,1.419386179840e+08,3.064804394326e+07,2.486524678844e+03,1.083620918668e+03,1.452097555279e+08
1.13220000e+05,1.423861603342e+08,3.084308877178e+07,2.486168498461e+03,1.083543887473e+03,1.456884141065e+08
1.13400000e+05,1.428336387868e+08,3.103811975913e+07,2.485814701305e+03,1.083467127940e+03,1.461670704019e+08
1.13580000e+05,1.432810537686e+08,3.123313695419e+07,2.485463263685e+03,1.083390639712e+03,1.466457242238e+08
1.13760000e+05,1.437284057022e+08,3.142814040576e+07,2.485114162223e+03,1.083314422405e+03,1.471243753856e+08
1.13940000e+05,1.441756950061e+08,3.162313016256e+07,2.484767373844e+03,1.083238475612e+03,1.476030237047e+08
1.14120000e+05,1.446229220946e+08,3.181810627326e+07,2.484422875772e+03,1.083162798901e+03,1.480816690021e+08
1.14300000e+05,1.450700873778e+08,3.201306878642e+07,2.484080645529e+03,1.083087391817e+03,1.485603111024e+08
1.14480000e+05,1.455171912621e+08,3.220801775054e+07,2.483740660926e+03,1.083012253883e+03,1.490389498339e+08
1.14660000e+05,1.459642341495e+08,3.240295321401e+07,2.483402900060e+03,1.082937384600e+03,1.495175850283e+08
1.14840000e+05,1.464112164385e+08,3.259787522516e+07,2.483067341311e+03,1.082862783448e+03,1.499962165207e+08
1.15020000e+05,1.468581385236e+08,3.279278383219e+07,2.482733963334e+03,1.082788449889e+03,1.504748441496e+08
1.15200000e+05,1.473050007953e+08,3.298767908321e+07,2.482402745056e+03,1.082714383364e+03,1.509534677568e+08
1.15380000e+05,1.477518036405e+08,3.318256102626e+07,2.482073665676e+03,1.082640583297e+03,1.514320871875e+08
1.15560000e+05,1.481985474423e+08,3.337742970923e+07,2.481746704654e+03,1.082567049092e+03,1.519107022897e+08
1.15740000e+05,1.486452325803e+08,3.357228517992e+07,2.481421841711e+03,1.082493780138e+03,1.523893129149e+08
1.15920000e+05,1.490918594303e+08,3.376712748603e+07,2.481099056822e+03,1.082420775807e+03,1.528679189174e+08
1.16100000e+05,1.495384283646e+08,3.396195667512e+07,2.480778330218e+03,1.082348035456e+03,1.533465201545e+08
1.16280000e+05,1.499849397519e+08,3.415677279466e+07,2.480459642374e+03,1.082275558425e+03,1.538251164866e+08
1.16460000e+05,1.504313939574e+08,3.435157589199e+07,2.480142974011e+03,1.082203344040e+03,1.543037077768e+08
1.16640000e+05,1.508777913429e+08,3.454636601431e+07,2.479828306091e+03,1.082131391614e+03,1.547822938912e+08
1.16820000e+05,1.513241322668e+08,3.474114320871e+07,2.479515619810e+03,1.082059700446e+03,1.552608746985e+08
1.17000000e+05,1.517704170841e+08,3.493590752217e+07,2.479204896601e+03,1.081988269823e+03,1.557394500701e+08
1.17180000e+05,1.522166461465e+08,3.513065900151e+07,2.478896118124e+03,1.081917099018e+03,1.562180198802e+08
1.17360000e+05,1.526628198025e+08,3.532539769343e+07,2.478589266264e+03,1.081846187293e+03,1.566965840057e+08
1.17540000e+05,1.531089383972e+08,3.552012364451e+07,2.478284323132e+03,1.081775533899e+03,1.571751423257e+08
1.17720000e+05,1.535550022726e+08,3.571483690116e+07,2.477981271055e+03,1.081705138075e+03,1.576536947221e+08
1.17900000e+05,1.540010117675e+08,3.590953750969e+07,2.477680092578e+03,1.081634999052e+03,1.581322410793e+08
1.18080000e+05,1.544469672176e+08,3.610422551625e+07,2.477380770456e+03,1.081565116049e+03,1.586107812839e+08
1.18260000e+05,1.548928689555e+08,3.629890096685e+07,2.477083287657e+03,1.081495488275e+03,1.590893152251e+08
1.18440000e+05,1.553387173108e+08,3.649356390737e+07,2.476787627352e+03,1.081426114932e+03,1.595678427943e+08
1.18620000e+05,1.557845126100e+08,3.668821438352e+07,2.476493772917e+03,1.081356995212e+03,1.600463638851e+08
1.18800000e+05,1.562302551767e+08,3.688285244088e+07,2.476201707928e+03,1.081288128300e+03,1.605248783936e+08
1.18980000e+05,1.566759453316e+08,3.707747812489e+07,2.475911416158e+03,1.081219513371e+03,1.610033862179e+08
1.19160000e+05,1.571215833923e+08,3.727209148083e+07,2.475622881574e+03,1.081151149596e+03,1.614818872583e+08
1.19340000e+05,1.575671696737e+08,3.746669255383e+07,2.475336088335e+03,1.081083036135e+03,1.619603814173e+08
1.19520000e+05,1.580127044879e+08,3.766128138888e+07,2.475051020787e+03,1.081015172143e+03,1.624388685993e+08
1.19700000e+05,1.584581881441e+08,3.785585803079e+07,2.474767663464e+03,1.080947556770e+03,1.629173487110e+08
1.19880000e+05,1.589036209487e+08,3.805042252425e+07,2.474486001082e+03,1.080880189157e+03,1.633958216608e+08
1.20060000e+05,1.593490032055e+08,3.824497491377e+07,2.474206018536e+03,1.080813068443e+03,1.638742873594e+08
1.20240000e+05,1.597943352156e+08,3.843951524371e+07,2.473927700902e+03,1.080746193758e+03,1.643527457192e+08
1.20420000e+05,1.602396172771e+08,3.863404355829e+07,2.473651033428e+03,1.080679564228e+03,1.648311966544e+08
1.20600000e+05,1.606848496860e+08,3.882855990156e+07,2.473376001536e+03,1.080613178977e+03,1.653096400814e+08
1.20780000e+05,1.611300327352e+08,3.902306431740e+07,2.473102590818e+03,1.080547037119e+03,1.657880759182e+08
1.20960000e+05,1.615751667154e+08,3.921755684954e+07,2.472830787035e+03,1.080481137770e+03,1.662665040846e+08
1.21140000e+05,1.620202519144e+08,3.941203754156e+07,2.472560576110e+03,1.080415480036e+03,1.667449245021e+08
1.21320000e+05,1.624652886178e+08,3.960650643686e+07,2.472291944133e+03,1.080350063024e+03,1.672233370941e+08
1.21500000e+05,1.629102771085e+08,3.980096357870e+07,2.472024877350e+03,1.080284885835e+03,1.677017417856e+08
1.21680000e+05,1.633552176670e+08,3.999540901016e+07,2.471759362170e+03,1.080219947569e+03,1.681801385032e+08
1.21860000e+05,1.638001105714e+08,4.018984277417e+07,2.471495385154e+03,1.080155247319e+03,1.686585271753e+08
1.22040000e+05,1.642449560974e+08,4.038426491349e+07,2.471232933019e+03,1.080090784180e+03,1.691369077317e+08
1.22220000e+05,1.646897545183e+08,4.057867547071e+07,2.470971992633e+03,1.080026557241e+03,1.696152801039e+08
